function res = naca0012c81(alpha, flag)
    cl_2nd = [
        -180.00 0.0000 0.0000 0.0000 0.0000 0.0000 0.0000
        -179.00 0.0818 0.0818 0.0818 0.0818 0.0818 0.0818
        -178.00 0.1516 0.1516 0.1516 0.1516 0.1516 0.1516
        -177.00 0.2059 0.2059 0.2059 0.2059 0.2059 0.2059
        -176.00 0.2453 0.2453 0.2453 0.2453 0.2453 0.2453
        -175.00 0.2739 0.2739 0.2739 0.2739 0.2739 0.2739
        -174.00 0.2961 0.2961 0.2961 0.2961 0.2961 0.2961
        -173.00 0.3157 0.3157 0.3157 0.3157 0.3157 0.3157
        -172.00 0.3348 0.3348 0.3348 0.3348 0.3348 0.3348
        -171.00 0.3544 0.3544 0.3544 0.3544 0.3544 0.3544
        -170.00 0.3750 0.3750 0.3750 0.3750 0.3750 0.3750
        -169.00 0.3964 0.3964 0.3964 0.3964 0.3964 0.3964
        -168.00 0.4187 0.4187 0.4187 0.4187 0.4187 0.4187
        -167.00 0.4415 0.4415 0.4415 0.4415 0.4415 0.4415
        -166.00 0.4646 0.4646 0.4646 0.4646 0.4646 0.4646
        -165.00 0.4880 0.4880 0.4880 0.4880 0.4880 0.4880
        -164.00 0.5113 0.5113 0.5113 0.5113 0.5113 0.5113
        -163.00 0.5345 0.5345 0.5345 0.5345 0.5345 0.5345
        -162.00 0.5573 0.5573 0.5573 0.5573 0.5573 0.5573
        -161.00 0.5798 0.5798 0.5798 0.5798 0.5798 0.5798
        -160.00 0.6018 0.6018 0.6018 0.6018 0.6018 0.6018
        -159.00 0.6232 0.6232 0.6232 0.6232 0.6232 0.6232
        -158.00 0.6439 0.6439 0.6439 0.6439 0.6439 0.6439
        -157.00 0.6639 0.6639 0.6639 0.6639 0.6639 0.6639
        -156.00 0.6832 0.6832 0.6832 0.6832 0.6832 0.6832
        -155.00 0.7016 0.7016 0.7016 0.7016 0.7016 0.7016
        -154.00 0.7192 0.7192 0.7192 0.7192 0.7192 0.7192
        -153.00 0.7358 0.7358 0.7358 0.7358 0.7358 0.7358
        -152.00 0.7515 0.7515 0.7515 0.7515 0.7515 0.7515
        -151.00 0.7663 0.7663 0.7663 0.7663 0.7663 0.7663
        -150.00 0.7800 0.7800 0.7800 0.7800 0.7800 0.7800
        -149.00 0.7927 0.7927 0.7927 0.7927 0.7927 0.7927
        -148.00 0.8043 0.8043 0.8043 0.8043 0.8043 0.8043
        -147.00 0.8149 0.8149 0.8149 0.8149 0.8149 0.8149
        -146.00 0.8243 0.8243 0.8243 0.8243 0.8243 0.8243
        -145.00 0.8327 0.8327 0.8327 0.8327 0.8327 0.8327
        -144.00 0.8399 0.8399 0.8399 0.8399 0.8399 0.8399
        -143.00 0.8460 0.8460 0.8460 0.8460 0.8460 0.8460
        -142.00 0.8509 0.8509 0.8509 0.8509 0.8509 0.8509
        -141.00 0.8547 0.8547 0.8547 0.8547 0.8547 0.8547
        -140.00 0.8574 0.8574 0.8574 0.8574 0.8574 0.8574
        -139.00 0.8588 0.8588 0.8588 0.8588 0.8588 0.8588
        -138.00 0.8592 0.8592 0.8592 0.8592 0.8592 0.8592
        -137.00 0.8583 0.8583 0.8583 0.8583 0.8583 0.8583
        -136.00 0.8563 0.8563 0.8563 0.8563 0.8563 0.8563
        -135.00 0.8532 0.8532 0.8532 0.8532 0.8532 0.8532
        -134.00 0.8489 0.8489 0.8489 0.8489 0.8489 0.8489
        -133.00 0.8435 0.8435 0.8435 0.8435 0.8435 0.8435
        -132.00 0.8369 0.8369 0.8369 0.8369 0.8369 0.8369
        -131.00 0.8293 0.8293 0.8293 0.8293 0.8293 0.8293
        -130.00 0.8205 0.8205 0.8205 0.8205 0.8205 0.8205
        -129.00 0.8106 0.8106 0.8106 0.8106 0.8106 0.8106
        -128.00 0.7997 0.7997 0.7997 0.7997 0.7997 0.7997
        -127.00 0.7877 0.7877 0.7877 0.7877 0.7877 0.7877
        -126.00 0.7747 0.7747 0.7747 0.7747 0.7747 0.7747
        -125.00 0.7607 0.7607 0.7607 0.7607 0.7607 0.7607
        -124.00 0.7457 0.7457 0.7457 0.7457 0.7457 0.7457
        -123.00 0.7297 0.7297 0.7297 0.7297 0.7297 0.7297
        -122.00 0.7127 0.7127 0.7127 0.7127 0.7127 0.7127
        -121.00 0.6949 0.6949 0.6949 0.6949 0.6949 0.6949
        -120.00 0.6761 0.6761 0.6761 0.6761 0.6761 0.6761
        -119.00 0.6565 0.6565 0.6565 0.6565 0.6565 0.6565
        -118.00 0.6361 0.6361 0.6361 0.6361 0.6361 0.6361
        -117.00 0.6148 0.6148 0.6148 0.6148 0.6148 0.6148
        -116.00 0.5928 0.5928 0.5928 0.5928 0.5928 0.5928
        -115.00 0.5700 0.5700 0.5700 0.5700 0.5700 0.5700
        -114.00 0.5454 0.5454 0.5454 0.5454 0.5454 0.5454
        -113.00 0.5213 0.5213 0.5213 0.5213 0.5213 0.5213
        -112.00 0.4965 0.4965 0.4965 0.4965 0.4965 0.4965
        -111.00 0.4712 0.4712 0.4712 0.4712 0.4712 0.4712
        -110.00 0.4452 0.4452 0.4452 0.4452 0.4452 0.4452
        -109.00 0.4187 0.4187 0.4187 0.4187 0.4187 0.4187
        -108.00 0.3917 0.3917 0.3917 0.3917 0.3917 0.3917
        -107.00 0.3643 0.3643 0.3643 0.3643 0.3643 0.3643
        -106.00 0.3364 0.3364 0.3364 0.3364 0.3364 0.3364
        -105.00 0.3081 0.3081 0.3081 0.3081 0.3081 0.3081
        -104.00 0.2794 0.2794 0.2794 0.2794 0.2794 0.2794
        -103.00 0.2505 0.2505 0.2505 0.2505 0.2505 0.2505
        -102.00 0.2213 0.2213 0.2213 0.2213 0.2213 0.2213
        -101.00 0.1918 0.1918 0.1918 0.1918 0.1918 0.1918
        -100.00 0.1621 0.1621 0.1621 0.1621 0.1621 0.1621
        -99.00 0.1323 0.1323 0.1323 0.1323 0.1323 0.1323
        -98.00 0.1023 0.1023 0.1023 0.1023 0.1023 0.1023
        -97.00 0.0723 0.0723 0.0723 0.0723 0.0723 0.0723
        -96.00 0.0422 0.0422 0.0422 0.0422 0.0422 0.0422
        -95.00 0.0121 0.0121 0.0121 0.0121 0.0121 0.0121
        -94.00 -0.0180 -0.0180 -0.0180 -0.0180 -0.0180 -0.0180
        -93.00 -0.0480 -0.0480 -0.0480 -0.0480 -0.0480 -0.0480
        -92.00 -0.0779 -0.0779 -0.0779 -0.0779 -0.0779 -0.0779
        -91.00 -0.1077 -0.1077 -0.1077 -0.1077 -0.1077 -0.1077
        -90.00 -0.1373 -0.1373 -0.1373 -0.1373 -0.1373 -0.1373
        -89.00 -0.1667 -0.1667 -0.1667 -0.1667 -0.1667 -0.1667
        -88.00 -0.1959 -0.1959 -0.1959 -0.1959 -0.1959 -0.1959
        -87.00 -0.2247 -0.2247 -0.2247 -0.2247 -0.2247 -0.2247
        -86.00 -0.2533 -0.2533 -0.2533 -0.2533 -0.2533 -0.2533
        -85.00 -0.2815 -0.2815 -0.2815 -0.2815 -0.2815 -0.2815
        -84.00 -0.3094 -0.3094 -0.3094 -0.3094 -0.3094 -0.3094
        -83.00 -0.3368 -0.3368 -0.3368 -0.3368 -0.3368 -0.3368
        -82.00 -0.3638 -0.3638 -0.3638 -0.3638 -0.3638 -0.3638
        -81.00 -0.3903 -0.3903 -0.3903 -0.3903 -0.3903 -0.3903
        -80.00 -0.4164 -0.4164 -0.4164 -0.4164 -0.4164 -0.4164
        -79.00 -0.4419 -0.4419 -0.4419 -0.4419 -0.4419 -0.4419
        -78.00 -0.4668 -0.4668 -0.4668 -0.4668 -0.4668 -0.4668
        -77.00 -0.4911 -0.4911 -0.4911 -0.4911 -0.4911 -0.4911
        -76.00 -0.5149 -0.5149 -0.5149 -0.5149 -0.5149 -0.5149
        -75.00 -0.5380 -0.5380 -0.5380 -0.5380 -0.5380 -0.5380
        -74.00 -0.5605 -0.5605 -0.5605 -0.5605 -0.5605 -0.5605
        -73.00 -0.5822 -0.5822 -0.5822 -0.5822 -0.5822 -0.5822
        -72.00 -0.6033 -0.6033 -0.6033 -0.6033 -0.6033 -0.6033
        -71.00 -0.6236 -0.6236 -0.6236 -0.6236 -0.6236 -0.6236
        -70.00 -0.6432 -0.6432 -0.6432 -0.6432 -0.6432 -0.6432
        -69.00 -0.6621 -0.6621 -0.6621 -0.6621 -0.6621 -0.6621
        -68.00 -0.6801 -0.6801 -0.6801 -0.6801 -0.6801 -0.6801
        -67.00 -0.6974 -0.6974 -0.6974 -0.6974 -0.6974 -0.6974
        -66.00 -0.7138 -0.7138 -0.7138 -0.7138 -0.7138 -0.7138
        -65.00 -0.7294 -0.7294 -0.7294 -0.7294 -0.7294 -0.7294
        -64.00 -0.7441 -0.7441 -0.7441 -0.7441 -0.7441 -0.7441
        -63.00 -0.7580 -0.7580 -0.7580 -0.7580 -0.7580 -0.7580
        -62.00 -0.7710 -0.7710 -0.7710 -0.7710 -0.7710 -0.7710
        -61.00 -0.7832 -0.7832 -0.7832 -0.7832 -0.7832 -0.7832
        -60.00 -0.7944 -0.7944 -0.7944 -0.7944 -0.7944 -0.7944
        -59.00 -0.8047 -0.8047 -0.8047 -0.8047 -0.8047 -0.8047
        -58.00 -0.8142 -0.8142 -0.8142 -0.8142 -0.8142 -0.8142
        -57.00 -0.8227 -0.8227 -0.8227 -0.8227 -0.8227 -0.8227
        -56.00 -0.8303 -0.8303 -0.8303 -0.8303 -0.8303 -0.8303
        -55.00 -0.8369 -0.8369 -0.8369 -0.8369 -0.8369 -0.8369
        -54.00 -0.8426 -0.8426 -0.8426 -0.8426 -0.8426 -0.8426
        -53.00 -0.8474 -0.8474 -0.8474 -0.8474 -0.8474 -0.8474
        -52.00 -0.8513 -0.8513 -0.8513 -0.8513 -0.8513 -0.8513
        -51.00 -0.8542 -0.8542 -0.8542 -0.8542 -0.8542 -0.8542
